11.224120
12.046231
6.693480
5.090583
4.307903
4.084930
3.935494
3.797577
3.325576
3.133478
3.107484
2.951537
2.948506
2.767859
2.709271
2.698500
2.632342
2.600841
2.562178
2.424219
2.380576
2.354677
2.411356
2.291662
2.296744
2.216305
2.180118
2.136220
2.100857
2.078589
2.035991
2.059907
1.930767
1.886715
2.008382
1.851227
1.817227
1.840031
1.784746
1.752923
1.744543
1.803322
1.660670
1.621699
1.572587
1.541947
1.535847
1.490646
1.524516
1.555133
1.426345
1.517838
1.481567
1.415845
1.382199
1.208804
1.229989
1.301337
1.287042
1.251108
1.317434
1.203214
1.286049
1.178198
1.173449
1.129060
1.199426
1.244824
1.196817
1.223342
1.051119
1.009443
0.933722
1.066823
0.934575
0.986769
0.910415
0.965263
0.937330
0.920660
0.958179
0.891726
0.933964
0.898154
0.860810
0.882607
0.866934
0.860193
0.845868
0.858490
0.777441
0.815549
0.801200
0.878649
0.793043
0.741088
0.743469
0.683164
0.642598
0.610427
0.663257
0.665005
0.779943
0.688286
0.669691
0.678596
0.650733
0.662568
0.809842
0.664517
0.742466
0.574323
0.665790
0.673335
0.652348
0.642204
0.670800
0.691139
0.621999
0.573590
0.656389
0.639425
0.489779
0.535497
0.598330
0.519387
0.521743
0.419000
0.428981
0.430185
0.417868
0.435318
0.355794
0.367032
0.411342
0.357006
0.370005
0.390511
0.405390
0.370764
0.379527
0.386419
0.360682
0.381054
0.446599
0.349681
0.349391
0.374104
0.357429
0.375466
0.379381
0.373042
0.326180
0.356108
0.325958
0.339485
0.319758
0.373972
0.380422
0.310235
0.355022
0.331621
0.305560
0.328315
0.337889
0.321439
0.362966
0.317757
0.357426
0.404387
0.350600
0.331218
0.346237
0.358842
0.339938
0.326606
0.302274
0.351771
0.339141
0.341979
0.357715
0.310163
0.365084
0.316752
0.338496
0.317944
0.305104
0.312752
0.334147
0.324878
0.349678
0.312417
0.359172
0.315481
0.301959
0.325893
0.310077
0.314316
0.322476
0.365004
0.323773
0.330571
0.269859
0.320173
0.273246
0.311968
0.325265
0.292236
0.303140
0.292992
0.303871
0.303996
0.326071
0.286215
0.292864
0.295858
0.269481
0.321929
0.370431
0.278080
0.303831
0.270665
0.282585
0.328439
0.273344
0.325799
0.316369
0.298776
0.287190
0.272476
0.368448
0.314553
0.287516
0.270558
0.319892
0.312461
0.272729
0.293788
0.356227
0.303025
0.294407
0.300483
0.304251
0.295488
0.298969
0.333001
0.287767
0.316420
0.298246
0.264171
